outlier list
s9LbVd8I,38,409,0,0,0,0,0,0,0,0,0,0,0
     38         409           0           0
          86         409           2           2
          95         409           0           0
         120         409           0           0
         184         409           0           0
         230         409           1           4
         415         409           1           2
         537         409           0           0
         588         409           1           3
         618         409           1           0
         714         409           0           0
         750         409           0           0
         770         409           0           0
         795         409           1           2
         853         409           0           0
         899         409           0           0
         915         409           1           3
        1045         409           2           6
        1093         409           1           2
        1120         409           0           0
        1197         409           1           2
        1253         409           0           0
        1289         409           2           4
        1478         409           0           0
        1529         409           0           0
        1658         409           1           4
        1727         409           1           0
        1753         409           0           0
        1773         409           1           0
        1788         409           1           4
        1865         409           0           0
        1873         409           1           0
        1920         409           0           0
        2011         409           0           0
        2015         409           1           6
        2079         409           0           0
        2127         409           1           2
        2131         409           0           0
        2142         409           0           0
        2154         409           0           0
        2167         409           0           0
        2229         409           2           4
        2234         409           0           0
        2247         409           0           0
        2249         409           0           0
        2256         409           0           0
        2278         409           1           4
        2287         409           0           0
        2292         409           0           0
        2299         409           0           0
        2321         409           0           0
        2324         409           1           4
        2341         409           0           0
        2367         409           1           2
        2376         409           3           2
        2380         409           0           0
        2383         409           0           0
        2391         409           0           0
        2450         409           0           0
        2465         409           0           0
        2493         409           0           0
        2495         409           0           0
        2511         409           0           0
        2533         409           0           0
        2541         409           0           0
        2548         409           3           6
        2562         409           0           0
        2563         409           0           0
        2568         409           0           0
        2570         409           0           0
        2617         409           0           0
        2622         409           3           5
        2624         409           0           0
        2628         409           0           0
        2631         409           0           0
        2632         409           0           0
        2634         409           0           0
        2640         409           0           0
        2648         409           0           0
        2656         409           1           2
        2672         409           0           0
        2676         409           0           0
        2685         409           0           0
        2698         409           1           0
        2704         409           2           4
        2705         409           1           0
        2730         409           1           2
        2732         409           3           4
        2737         409           0           0
        2740         409           0           0
        2743         409           1           2
        2769         409           1           2
        2770         409           0           0
        2781         409           3           6
        2818         409           2           2
        2849         409           0           0
        2863         409           0           0
        2869         409           0           0
        2870         409           0           0
        2937         409           0           0